0.7478371858596802*x_(0) + 0.4473332166671753*x_(1) = 0.19699883460998535
0.952355682849884*x_(0) + 0.010930657386779785*x_(1) = 0.2949175238609314
0.8902089595794678*x_(0) + 0.4232376217842102*x_(1) = 0.4978322386741638
0.5300735831260681*x_(0) + 0.457719087600708*x_(1) = 0.4582115411758423
/swap_rows(0,1)

0.952355682849884*x_(0) + 0.010930657386779785*x_(1) = 0.2949175238609314
0.7478371858596802*x_(0) + 0.4473332166671753*x_(1) = 0.19699883460998535
0.8902089595794678*x_(0) + 0.4232376217842102*x_(1) = 0.4978322386741638
0.5300735831260681*x_(0) + 0.457719087600708*x_(1) = 0.4582115411758423
/multiply_row(0,/div(1.0,0.952355682849884))

1.0*x_(0) + 0.011477494612336159*x_(1) = 0.3096716105937958
0.7478371858596802*x_(0) + 0.4473332166671753*x_(1) = 0.19699883460998535
0.8902089595794678*x_(0) + 0.4232376217842102*x_(1) = 0.4978322386741638
0.5300735831260681*x_(0) + 0.457719087600708*x_(1) = 0.4582115411758423
/reduce_rows(1,0,/div(-0.7478371858596802,1.0))

1.0*x_(0) + 0.011477494612336159*x_(1) = 0.3096716105937958
0.0*x_(0) + 0.43874990940093994*x_(1) = -0.03458511829376221
0.8902089595794678*x_(0) + 0.4232376217842102*x_(1) = 0.4978322386741638
0.5300735831260681*x_(0) + 0.457719087600708*x_(1) = 0.4582115411758423
/reduce_rows(2,0,/div(-0.8902089595794678,1.0))

1.0*x_(0) + 0.011477494612336159*x_(1) = 0.3096716105937958
0.0*x_(0) + 0.43874990940093994*x_(1) = -0.03458511829376221
0.0*x_(0) + 0.4130202531814575*x_(1) = 0.22215980291366577
0.5300735831260681*x_(0) + 0.457719087600708*x_(1) = 0.4582115411758423
/reduce_rows(3,0,/div(-0.5300735831260681,1.0))

1.0*x_(0) + 0.011477494612336159*x_(1) = 0.3096716105937958
0.0*x_(0) + 0.43874990940093994*x_(1) = -0.03458511829376221
0.0*x_(0) + 0.4130202531814575*x_(1) = 0.22215980291366577
0.0*x_(0) + 0.4516351819038391*x_(1) = 0.2940627932548523
/swap_rows(1,3)

1.0*x_(0) + 0.011477494612336159*x_(1) = 0.3096716105937958
0.0*x_(0) + 0.4516351819038391*x_(1) = 0.2940627932548523
0.0*x_(0) + 0.4130202531814575*x_(1) = 0.22215980291366577
0.0*x_(0) + 0.43874990940093994*x_(1) = -0.03458511829376221
/multiply_row(1,/div(1.0,0.4516351819038391))

1.0*x_(0) + 0.011477494612336159*x_(1) = 0.3096716105937958
0.0*x_(0) + 0.9999999403953552*x_(1) = 0.6511068940162659
0.0*x_(0) + 0.4130202531814575*x_(1) = 0.22215980291366577
0.0*x_(0) + 0.43874990940093994*x_(1) = -0.03458511829376221
/reduce_rows(2,1,/div(-0.4130202531814575,0.9999999403953552))

1.0*x_(0) + 0.011477494612336159*x_(1) = 0.3096716105937958
0.0*x_(0) + 0.9999999403953552*x_(1) = 0.6511068940162659
0.0*x_(0) + 0.0*x_(1) = -0.04676055908203125
0.0*x_(0) + 0.43874990940093994*x_(1) = -0.03458511829376221
/reduce_rows(3,1,/div(-0.43874990940093994,0.9999999403953552))

1.0*x_(0) + 0.011477494612336159*x_(1) = 0.3096716105937958
0.0*x_(0) + 0.9999999403953552*x_(1) = 0.6511068940162659
0.0*x_(0) + 0.0*x_(1) = -0.04676055908203125
0.0*x_(0) + 0.0*x_(1) = -0.320258229970932
/reduce_rows(0,1,/div(-0.011477494612336159,0.9999999403953552))


0.012661635875701904*x_(0) + 0.18412154912948608*x_(1) + 0.7322623133659363*x_(2) + 0.6282505393028259*x_(3) + 0.9887186884880066*x_(4) = 0.7026145458221436
0.6293413639068604*x_(0) + 0.8352500796318054*x_(1) + 0.5068026185035706*x_(2) + 0.11440449953079224*x_(3) + 0.07462114095687866*x_(4) = 0.20897036790847778
0.21119368076324463*x_(0) + 0.842807412147522*x_(1) + 0.03545147180557251*x_(2) + 0.7143785953521729*x_(3) + 0.5388563871383667*x_(4) = 0.285747766494751
0.8456643223762512*x_(0) + 0.8376443982124329*x_(1) + 0.883682370185852*x_(2) + 0.7519115805625916*x_(3) + 0.41500163078308105*x_(4) = 0.47883641719818115
0.7607156038284302*x_(0) + 0.8255587220191956*x_(1) + 0.5943307280540466*x_(2) + 0.863365650177002*x_(3) + 0.5888922214508057*x_(4) = 0.7339712381362915
/swap_rows(0,3)

0.8456643223762512*x_(0) + 0.8376443982124329*x_(1) + 0.883682370185852*x_(2) + 0.7519115805625916*x_(3) + 0.41500163078308105*x_(4) = 0.47883641719818115
0.6293413639068604*x_(0) + 0.8352500796318054*x_(1) + 0.5068026185035706*x_(2) + 0.11440449953079224*x_(3) + 0.07462114095687866*x_(4) = 0.20897036790847778
0.21119368076324463*x_(0) + 0.842807412147522*x_(1) + 0.03545147180557251*x_(2) + 0.7143785953521729*x_(3) + 0.5388563871383667*x_(4) = 0.285747766494751
0.012661635875701904*x_(0) + 0.18412154912948608*x_(1) + 0.7322623133659363*x_(2) + 0.6282505393028259*x_(3) + 0.9887186884880066*x_(4) = 0.7026145458221436
0.7607156038284302*x_(0) + 0.8255587220191956*x_(1) + 0.5943307280540466*x_(2) + 0.863365650177002*x_(3) + 0.5888922214508057*x_(4) = 0.7339712381362915
/multiply_row(0,/div(1.0,0.8456643223762512))

1.0*x_(0) + 0.9905164241790771*x_(1) + 1.0449564456939697*x_(2) + 0.8891371488571167*x_(3) + 0.4907403588294983*x_(4) = 0.5662251710891724
0.6293413639068604*x_(0) + 0.8352500796318054*x_(1) + 0.5068026185035706*x_(2) + 0.11440449953079224*x_(3) + 0.07462114095687866*x_(4) = 0.20897036790847778
0.21119368076324463*x_(0) + 0.842807412147522*x_(1) + 0.03545147180557251*x_(2) + 0.7143785953521729*x_(3) + 0.5388563871383667*x_(4) = 0.285747766494751
0.012661635875701904*x_(0) + 0.18412154912948608*x_(1) + 0.7322623133659363*x_(2) + 0.6282505393028259*x_(3) + 0.9887186884880066*x_(4) = 0.7026145458221436
0.7607156038284302*x_(0) + 0.8255587220191956*x_(1) + 0.5943307280540466*x_(2) + 0.863365650177002*x_(3) + 0.5888922214508057*x_(4) = 0.7339712381362915
/reduce_rows(1,0,/div(-0.6293413639068604,1.0))

1.0*x_(0) + 0.9905164241790771*x_(1) + 1.0449564456939697*x_(2) + 0.8891371488571167*x_(3) + 0.4907403588294983*x_(4) = 0.5662251710891724
0.0*x_(0) + 0.21187710762023926*x_(1) + -0.1508316993713379*x_(2) + -0.44516628980636597*x_(3) + -0.23422205448150635*x_(4) = -0.1473785638809204
0.21119368076324463*x_(0) + 0.842807412147522*x_(1) + 0.03545147180557251*x_(2) + 0.7143785953521729*x_(3) + 0.5388563871383667*x_(4) = 0.285747766494751
0.012661635875701904*x_(0) + 0.18412154912948608*x_(1) + 0.7322623133659363*x_(2) + 0.6282505393028259*x_(3) + 0.9887186884880066*x_(4) = 0.7026145458221436
0.7607156038284302*x_(0) + 0.8255587220191956*x_(1) + 0.5943307280540466*x_(2) + 0.863365650177002*x_(3) + 0.5888922214508057*x_(4) = 0.7339712381362915
/reduce_rows(2,0,/div(-0.21119368076324463,1.0))

1.0*x_(0) + 0.9905164241790771*x_(1) + 1.0449564456939697*x_(2) + 0.8891371488571167*x_(3) + 0.4907403588294983*x_(4) = 0.5662251710891724
0.0*x_(0) + 0.21187710762023926*x_(1) + -0.1508316993713379*x_(2) + -0.44516628980636597*x_(3) + -0.23422205448150635*x_(4) = -0.1473785638809204
0.0*x_(0) + 0.63361656665802*x_(1) + -0.18523672223091125*x_(2) + 0.5265984535217285*x_(3) + 0.4352151155471802*x_(4) = 0.1661645919084549
0.012661635875701904*x_(0) + 0.18412154912948608*x_(1) + 0.7322623133659363*x_(2) + 0.6282505393028259*x_(3) + 0.9887186884880066*x_(4) = 0.7026145458221436
0.7607156038284302*x_(0) + 0.8255587220191956*x_(1) + 0.5943307280540466*x_(2) + 0.863365650177002*x_(3) + 0.5888922214508057*x_(4) = 0.7339712381362915
/reduce_rows(3,0,/div(-0.012661635875701904,1.0))

1.0*x_(0) + 0.9905164241790771*x_(1) + 1.0449564456939697*x_(2) + 0.8891371488571167*x_(3) + 0.4907403588294983*x_(4) = 0.5662251710891724
0.0*x_(0) + 0.21187710762023926*x_(1) + -0.1508316993713379*x_(2) + -0.44516628980636597*x_(3) + -0.23422205448150635*x_(4) = -0.1473785638809204
0.0*x_(0) + 0.63361656665802*x_(1) + -0.18523672223091125*x_(2) + 0.5265984535217285*x_(3) + 0.4352151155471802*x_(4) = 0.1661645919084549
0.0*x_(0) + 0.1715799868106842*x_(1) + 0.7190314531326294*x_(2) + 0.6169925928115845*x_(3) + 0.9825050830841064*x_(4) = 0.69544517993927
0.7607156038284302*x_(0) + 0.8255587220191956*x_(1) + 0.5943307280540466*x_(2) + 0.863365650177002*x_(3) + 0.5888922214508057*x_(4) = 0.7339712381362915
/reduce_rows(4,0,/div(-0.7607156038284302,1.0))

1.0*x_(0) + 0.9905164241790771*x_(1) + 1.0449564456939697*x_(2) + 0.8891371488571167*x_(3) + 0.4907403588294983*x_(4) = 0.5662251710891724
0.0*x_(0) + 0.21187710762023926*x_(1) + -0.1508316993713379*x_(2) + -0.44516628980636597*x_(3) + -0.23422205448150635*x_(4) = -0.1473785638809204
0.0*x_(0) + 0.63361656665802*x_(1) + -0.18523672223091125*x_(2) + 0.5265984535217285*x_(3) + 0.4352151155471802*x_(4) = 0.1661645919084549
0.0*x_(0) + 0.1715799868106842*x_(1) + 0.7190314531326294*x_(2) + 0.6169925928115845*x_(3) + 0.9825050830841064*x_(4) = 0.69544517993927
0.0*x_(0) + 0.07205742597579956*x_(1) + -0.20058393478393555*x_(2) + 0.18698513507843018*x_(3) + 0.2155783772468567*x_(4) = 0.30323490500450134
/swap_rows(1,2)

1.0*x_(0) + 0.9905164241790771*x_(1) + 1.0449564456939697*x_(2) + 0.8891371488571167*x_(3) + 0.4907403588294983*x_(4) = 0.5662251710891724
0.0*x_(0) + 0.63361656665802*x_(1) + -0.18523672223091125*x_(2) + 0.5265984535217285*x_(3) + 0.4352151155471802*x_(4) = 0.1661645919084549
0.0*x_(0) + 0.21187710762023926*x_(1) + -0.1508316993713379*x_(2) + -0.44516628980636597*x_(3) + -0.23422205448150635*x_(4) = -0.1473785638809204
0.0*x_(0) + 0.1715799868106842*x_(1) + 0.7190314531326294*x_(2) + 0.6169925928115845*x_(3) + 0.9825050830841064*x_(4) = 0.69544517993927
0.0*x_(0) + 0.07205742597579956*x_(1) + -0.20058393478393555*x_(2) + 0.18698513507843018*x_(3) + 0.2155783772468567*x_(4) = 0.30323490500450134
/multiply_row(1,/div(1.0,0.63361656665802))

1.0*x_(0) + 0.9905164241790771*x_(1) + 1.0449564456939697*x_(2) + 0.8891371488571167*x_(3) + 0.4907403588294983*x_(4) = 0.5662251710891724
0.0*x_(0) + 1.0*x_(1) + -0.29234829545021057*x_(2) + 0.8310995697975159*x_(3) + 0.6868745684623718*x_(4) = 0.26224786043167114
0.0*x_(0) + 0.21187710762023926*x_(1) + -0.1508316993713379*x_(2) + -0.44516628980636597*x_(3) + -0.23422205448150635*x_(4) = -0.1473785638809204
0.0*x_(0) + 0.1715799868106842*x_(1) + 0.7190314531326294*x_(2) + 0.6169925928115845*x_(3) + 0.9825050830841064*x_(4) = 0.69544517993927
0.0*x_(0) + 0.07205742597579956*x_(1) + -0.20058393478393555*x_(2) + 0.18698513507843018*x_(3) + 0.2155783772468567*x_(4) = 0.30323490500450134
/reduce_rows(2,1,/div(-0.21187710762023926,1.0))

1.0*x_(0) + 0.9905164241790771*x_(1) + 1.0449564456939697*x_(2) + 0.8891371488571167*x_(3) + 0.4907403588294983*x_(4) = 0.5662251710891724
0.0*x_(0) + 1.0*x_(1) + -0.29234829545021057*x_(2) + 0.8310995697975159*x_(3) + 0.6868745684623718*x_(4) = 0.26224786043167114
0.0*x_(0) + 0.0*x_(1) + -0.08888979256153107*x_(2) + -0.6212572455406189*x_(3) + -0.37975504994392395*x_(4) = -0.2029428780078888
0.0*x_(0) + 0.1715799868106842*x_(1) + 0.7190314531326294*x_(2) + 0.6169925928115845*x_(3) + 0.9825050830841064*x_(4) = 0.69544517993927
0.0*x_(0) + 0.07205742597579956*x_(1) + -0.20058393478393555*x_(2) + 0.18698513507843018*x_(3) + 0.2155783772468567*x_(4) = 0.30323490500450134
/reduce_rows(3,1,/div(-0.1715799868106842,1.0))

1.0*x_(0) + 0.9905164241790771*x_(1) + 1.0449564456939697*x_(2) + 0.8891371488571167*x_(3) + 0.4907403588294983*x_(4) = 0.5662251710891724
0.0*x_(0) + 1.0*x_(1) + -0.29234829545021057*x_(2) + 0.8310995697975159*x_(3) + 0.6868745684623718*x_(4) = 0.26224786043167114
0.0*x_(0) + 0.0*x_(1) + -0.08888979256153107*x_(2) + -0.6212572455406189*x_(3) + -0.37975504994392395*x_(4) = -0.2029428780078888
0.0*x_(0) + 0.0*x_(1) + 0.7691925764083862*x_(2) + 0.47439253330230713*x_(3) + 0.8646511435508728*x_(4) = 0.6504486799240112
0.0*x_(0) + 0.07205742597579956*x_(1) + -0.20058393478393555*x_(2) + 0.18698513507843018*x_(3) + 0.2155783772468567*x_(4) = 0.30323490500450134
/reduce_rows(4,1,/div(-0.07205742597579956,1.0))

1.0*x_(0) + 0.9905164241790771*x_(1) + 1.0449564456939697*x_(2) + 0.8891371488571167*x_(3) + 0.4907403588294983*x_(4) = 0.5662251710891724
0.0*x_(0) + 1.0*x_(1) + -0.29234829545021057*x_(2) + 0.8310995697975159*x_(3) + 0.6868745684623718*x_(4) = 0.26224786043167114
0.0*x_(0) + 0.0*x_(1) + -0.08888979256153107*x_(2) + -0.6212572455406189*x_(3) + -0.37975504994392395*x_(4) = -0.2029428780078888
0.0*x_(0) + 0.0*x_(1) + 0.7691925764083862*x_(2) + 0.47439253330230713*x_(3) + 0.8646511435508728*x_(4) = 0.6504486799240112
0.0*x_(0) + 0.0*x_(1) + -0.17951807379722595*x_(2) + 0.1270982325077057*x_(3) + 0.16608396172523499*x_(4) = 0.28433799743652344
/swap_rows(2,3)

1.0*x_(0) + 0.9905164241790771*x_(1) + 1.0449564456939697*x_(2) + 0.8891371488571167*x_(3) + 0.4907403588294983*x_(4) = 0.5662251710891724
0.0*x_(0) + 1.0*x_(1) + -0.29234829545021057*x_(2) + 0.8310995697975159*x_(3) + 0.6868745684623718*x_(4) = 0.26224786043167114
0.0*x_(0) + 0.0*x_(1) + 0.7691925764083862*x_(2) + 0.47439253330230713*x_(3) + 0.8646511435508728*x_(4) = 0.6504486799240112
0.0*x_(0) + 0.0*x_(1) + -0.08888979256153107*x_(2) + -0.6212572455406189*x_(3) + -0.37975504994392395*x_(4) = -0.2029428780078888
0.0*x_(0) + 0.0*x_(1) + -0.17951807379722595*x_(2) + 0.1270982325077057*x_(3) + 0.16608396172523499*x_(4) = 0.28433799743652344
/multiply_row(2,/div(1.0,0.7691925764083862))

1.0*x_(0) + 0.9905164241790771*x_(1) + 1.0449564456939697*x_(2) + 0.8891371488571167*x_(3) + 0.4907403588294983*x_(4) = 0.5662251710891724
0.0*x_(0) + 1.0*x_(1) + -0.29234829545021057*x_(2) + 0.8310995697975159*x_(3) + 0.6868745684623718*x_(4) = 0.26224786043167114
0.0*x_(0) + 0.0*x_(1) + 1.0*x_(2) + 0.6167409420013428*x_(3) + 1.1241023540496826*x_(4) = 0.8456252813339233
0.0*x_(0) + 0.0*x_(1) + -0.08888979256153107*x_(2) + -0.6212572455406189*x_(3) + -0.37975504994392395*x_(4) = -0.2029428780078888
0.0*x_(0) + 0.0*x_(1) + -0.17951807379722595*x_(2) + 0.1270982325077057*x_(3) + 0.16608396172523499*x_(4) = 0.28433799743652344
/reduce_rows(3,2,/div(0.08888979256153107,1.0))

1.0*x_(0) + 0.9905164241790771*x_(1) + 1.0449564456939697*x_(2) + 0.8891371488571167*x_(3) + 0.4907403588294983*x_(4) = 0.5662251710891724
0.0*x_(0) + 1.0*x_(1) + -0.29234829545021057*x_(2) + 0.8310995697975159*x_(3) + 0.6868745684623718*x_(4) = 0.26224786043167114
0.0*x_(0) + 0.0*x_(1) + 1.0*x_(2) + 0.6167409420013428*x_(3) + 1.1241023540496826*x_(4) = 0.8456252813339233
0.0*x_(0) + 0.0*x_(1) + 0.0*x_(2) + -0.5664352774620056*x_(3) + -0.2798338234424591*x_(4) = -0.1277754306793213
0.0*x_(0) + 0.0*x_(1) + -0.17951807379722595*x_(2) + 0.1270982325077057*x_(3) + 0.16608396172523499*x_(4) = 0.28433799743652344
/reduce_rows(4,2,/div(0.17951807379722595,1.0))

1.0*x_(0) + 0.9905164241790771*x_(1) + 1.0449564456939697*x_(2) + 0.8891371488571167*x_(3) + 0.4907403588294983*x_(4) = 0.5662251710891724
0.0*x_(0) + 1.0*x_(1) + -0.29234829545021057*x_(2) + 0.8310995697975159*x_(3) + 0.6868745684623718*x_(4) = 0.26224786043167114
0.0*x_(0) + 0.0*x_(1) + 1.0*x_(2) + 0.6167409420013428*x_(3) + 1.1241023540496826*x_(4) = 0.8456252813339233
0.0*x_(0) + 0.0*x_(1) + 0.0*x_(2) + -0.5664352774620056*x_(3) + -0.2798338234424591*x_(4) = -0.1277754306793213
0.0*x_(0) + 0.0*x_(1) + 0.0*x_(2) + 0.23781438171863556*x_(3) + 0.367880642414093*x_(4) = 0.43614304065704346
/swap_rows(3,4)

1.0*x_(0) + 0.9905164241790771*x_(1) + 1.0449564456939697*x_(2) + 0.8891371488571167*x_(3) + 0.4907403588294983*x_(4) = 0.5662251710891724
0.0*x_(0) + 1.0*x_(1) + -0.29234829545021057*x_(2) + 0.8310995697975159*x_(3) + 0.6868745684623718*x_(4) = 0.26224786043167114
0.0*x_(0) + 0.0*x_(1) + 1.0*x_(2) + 0.6167409420013428*x_(3) + 1.1241023540496826*x_(4) = 0.8456252813339233
0.0*x_(0) + 0.0*x_(1) + 0.0*x_(2) + 0.23781438171863556*x_(3) + 0.367880642414093*x_(4) = 0.43614304065704346
0.0*x_(0) + 0.0*x_(1) + 0.0*x_(2) + -0.5664352774620056*x_(3) + -0.2798338234424591*x_(4) = -0.1277754306793213
/multiply_row(3,/div(1.0,0.23781438171863556))

1.0*x_(0) + 0.9905164241790771*x_(1) + 1.0449564456939697*x_(2) + 0.8891371488571167*x_(3) + 0.4907403588294983*x_(4) = 0.5662251710891724
0.0*x_(0) + 1.0*x_(1) + -0.29234829545021057*x_(2) + 0.8310995697975159*x_(3) + 0.6868745684623718*x_(4) = 0.26224786043167114
0.0*x_(0) + 0.0*x_(1) + 1.0*x_(2) + 0.6167409420013428*x_(3) + 1.1241023540496826*x_(4) = 0.8456252813339233
0.0*x_(0) + 0.0*x_(1) + 0.0*x_(2) + 1.0*x_(3) + 1.5469235181808472*x_(4) = 1.833964228630066
0.0*x_(0) + 0.0*x_(1) + 0.0*x_(2) + -0.5664352774620056*x_(3) + -0.2798338234424591*x_(4) = -0.1277754306793213
/reduce_rows(4,3,/div(0.5664352774620056,1.0))

1.0*x_(0) + 0.9905164241790771*x_(1) + 1.0449564456939697*x_(2) + 0.8891371488571167*x_(3) + 0.4907403588294983*x_(4) = 0.5662251710891724
0.0*x_(0) + 1.0*x_(1) + -0.29234829545021057*x_(2) + 0.8310995697975159*x_(3) + 0.6868745684623718*x_(4) = 0.26224786043167114
0.0*x_(0) + 0.0*x_(1) + 1.0*x_(2) + 0.6167409420013428*x_(3) + 1.1241023540496826*x_(4) = 0.8456252813339233
0.0*x_(0) + 0.0*x_(1) + 0.0*x_(2) + 1.0*x_(3) + 1.5469235181808472*x_(4) = 1.833964228630066
0.0*x_(0) + 0.0*x_(1) + 0.0*x_(2) + 0.0*x_(3) + 0.5963982343673706*x_(4) = 0.9110466241836548
/multiply_row(4,/div(1.0,0.5963982343673706))

1.0*x_(0) + 0.9905164241790771*x_(1) + 1.0449564456939697*x_(2) + 0.8891371488571167*x_(3) + 0.4907403588294983*x_(4) = 0.5662251710891724
0.0*x_(0) + 1.0*x_(1) + -0.29234829545021057*x_(2) + 0.8310995697975159*x_(3) + 0.6868745684623718*x_(4) = 0.26224786043167114
0.0*x_(0) + 0.0*x_(1) + 1.0*x_(2) + 0.6167409420013428*x_(3) + 1.1241023540496826*x_(4) = 0.8456252813339233
0.0*x_(0) + 0.0*x_(1) + 0.0*x_(2) + 1.0*x_(3) + 1.5469235181808472*x_(4) = 1.833964228630066
0.0*x_(0) + 0.0*x_(1) + 0.0*x_(2) + 0.0*x_(3) + 1.0*x_(4) = 1.527580976486206
/reduce_rows(3,4,/div(-1.5469235181808472,1.0))

1.0*x_(0) + 0.9905164241790771*x_(1) + 1.0449564456939697*x_(2) + 0.8891371488571167*x_(3) + 0.4907403588294983*x_(4) = 0.5662251710891724
0.0*x_(0) + 1.0*x_(1) + -0.29234829545021057*x_(2) + 0.8310995697975159*x_(3) + 0.6868745684623718*x_(4) = 0.26224786043167114
0.0*x_(0) + 0.0*x_(1) + 1.0*x_(2) + 0.6167409420013428*x_(3) + 1.1241023540496826*x_(4) = 0.8456252813339233
0.0*x_(0) + 0.0*x_(1) + 0.0*x_(2) + 1.0*x_(3) + 0.0*x_(4) = -0.529086709022522
0.0*x_(0) + 0.0*x_(1) + 0.0*x_(2) + 0.0*x_(3) + 1.0*x_(4) = 1.527580976486206
/reduce_rows(2,4,/div(-1.1241023540496826,1.0))

1.0*x_(0) + 0.9905164241790771*x_(1) + 1.0449564456939697*x_(2) + 0.8891371488571167*x_(3) + 0.4907403588294983*x_(4) = 0.5662251710891724
0.0*x_(0) + 1.0*x_(1) + -0.29234829545021057*x_(2) + 0.8310995697975159*x_(3) + 0.6868745684623718*x_(4) = 0.26224786043167114
0.0*x_(0) + 0.0*x_(1) + 1.0*x_(2) + 0.6167409420013428*x_(3) + 0.0*x_(4) = -0.8715320825576782
0.0*x_(0) + 0.0*x_(1) + 0.0*x_(2) + 1.0*x_(3) + 0.0*x_(4) = -0.529086709022522
0.0*x_(0) + 0.0*x_(1) + 0.0*x_(2) + 0.0*x_(3) + 1.0*x_(4) = 1.527580976486206
/reduce_rows(1,4,/div(-0.6868745684623718,1.0))

1.0*x_(0) + 0.9905164241790771*x_(1) + 1.0449564456939697*x_(2) + 0.8891371488571167*x_(3) + 0.4907403588294983*x_(4) = 0.5662251710891724
0.0*x_(0) + 1.0*x_(1) + -0.29234829545021057*x_(2) + 0.8310995697975159*x_(3) + 0.0*x_(4) = -0.7870087027549744
0.0*x_(0) + 0.0*x_(1) + 1.0*x_(2) + 0.6167409420013428*x_(3) + 0.0*x_(4) = -0.8715320825576782
0.0*x_(0) + 0.0*x_(1) + 0.0*x_(2) + 1.0*x_(3) + 0.0*x_(4) = -0.529086709022522
0.0*x_(0) + 0.0*x_(1) + 0.0*x_(2) + 0.0*x_(3) + 1.0*x_(4) = 1.527580976486206
/reduce_rows(0,4,/div(-0.4907403588294983,1.0))

1.0*x_(0) + 0.9905164241790771*x_(1) + 1.0449564456939697*x_(2) + 0.8891371488571167*x_(3) + 0.0*x_(4) = -0.18342047929763794
0.0*x_(0) + 1.0*x_(1) + -0.29234829545021057*x_(2) + 0.8310995697975159*x_(3) + 0.0*x_(4) = -0.7870087027549744
0.0*x_(0) + 0.0*x_(1) + 1.0*x_(2) + 0.6167409420013428*x_(3) + 0.0*x_(4) = -0.8715320825576782
0.0*x_(0) + 0.0*x_(1) + 0.0*x_(2) + 1.0*x_(3) + 0.0*x_(4) = -0.529086709022522
0.0*x_(0) + 0.0*x_(1) + 0.0*x_(2) + 0.0*x_(3) + 1.0*x_(4) = 1.527580976486206
/reduce_rows(2,3,/div(-0.6167409420013428,1.0))

1.0*x_(0) + 0.9905164241790771*x_(1) + 1.0449564456939697*x_(2) + 0.8891371488571167*x_(3) + 0.0*x_(4) = -0.18342047929763794
0.0*x_(0) + 1.0*x_(1) + -0.29234829545021057*x_(2) + 0.8310995697975159*x_(3) + 0.0*x_(4) = -0.7870087027549744
0.0*x_(0) + 0.0*x_(1) + 1.0*x_(2) + 0.0*x_(3) + 0.0*x_(4) = -0.5452226400375366
0.0*x_(0) + 0.0*x_(1) + 0.0*x_(2) + 1.0*x_(3) + 0.0*x_(4) = -0.529086709022522
0.0*x_(0) + 0.0*x_(1) + 0.0*x_(2) + 0.0*x_(3) + 1.0*x_(4) = 1.527580976486206
/reduce_rows(1,3,/div(-0.8310995697975159,1.0))

1.0*x_(0) + 0.9905164241790771*x_(1) + 1.0449564456939697*x_(2) + 0.8891371488571167*x_(3) + 0.0*x_(4) = -0.18342047929763794
0.0*x_(0) + 1.0*x_(1) + -0.29234829545021057*x_(2) + 0.0*x_(3) + 0.0*x_(4) = -0.3472849726676941
0.0*x_(0) + 0.0*x_(1) + 1.0*x_(2) + 0.0*x_(3) + 0.0*x_(4) = -0.5452226400375366
0.0*x_(0) + 0.0*x_(1) + 0.0*x_(2) + 1.0*x_(3) + 0.0*x_(4) = -0.529086709022522
0.0*x_(0) + 0.0*x_(1) + 0.0*x_(2) + 0.0*x_(3) + 1.0*x_(4) = 1.527580976486206
/reduce_rows(0,3,/div(-0.8891371488571167,1.0))

1.0*x_(0) + 0.9905164241790771*x_(1) + 1.0449564456939697*x_(2) + 0.0*x_(3) + 0.0*x_(4) = 0.28701016306877136
0.0*x_(0) + 1.0*x_(1) + -0.29234829545021057*x_(2) + 0.0*x_(3) + 0.0*x_(4) = -0.3472849726676941
0.0*x_(0) + 0.0*x_(1) + 1.0*x_(2) + 0.0*x_(3) + 0.0*x_(4) = -0.5452226400375366
0.0*x_(0) + 0.0*x_(1) + 0.0*x_(2) + 1.0*x_(3) + 0.0*x_(4) = -0.529086709022522
0.0*x_(0) + 0.0*x_(1) + 0.0*x_(2) + 0.0*x_(3) + 1.0*x_(4) = 1.527580976486206
/reduce_rows(1,2,/div(0.29234829545021057,1.0))

1.0*x_(0) + 0.9905164241790771*x_(1) + 1.0449564456939697*x_(2) + 0.0*x_(3) + 0.0*x_(4) = 0.28701016306877136
0.0*x_(0) + 1.0*x_(1) + 0.0*x_(2) + 0.0*x_(3) + 0.0*x_(4) = -0.506679892539978
0.0*x_(0) + 0.0*x_(1) + 1.0*x_(2) + 0.0*x_(3) + 0.0*x_(4) = -0.5452226400375366
0.0*x_(0) + 0.0*x_(1) + 0.0*x_(2) + 1.0*x_(3) + 0.0*x_(4) = -0.529086709022522
0.0*x_(0) + 0.0*x_(1) + 0.0*x_(2) + 0.0*x_(3) + 1.0*x_(4) = 1.527580976486206
/reduce_rows(0,2,/div(-1.0449564456939697,1.0))

1.0*x_(0) + 0.9905164241790771*x_(1) + 0.0*x_(2) + 0.0*x_(3) + 0.0*x_(4) = 0.8567440509796143
0.0*x_(0) + 1.0*x_(1) + 0.0*x_(2) + 0.0*x_(3) + 0.0*x_(4) = -0.506679892539978
0.0*x_(0) + 0.0*x_(1) + 1.0*x_(2) + 0.0*x_(3) + 0.0*x_(4) = -0.5452226400375366
0.0*x_(0) + 0.0*x_(1) + 0.0*x_(2) + 1.0*x_(3) + 0.0*x_(4) = -0.529086709022522
0.0*x_(0) + 0.0*x_(1) + 0.0*x_(2) + 0.0*x_(3) + 1.0*x_(4) = 1.527580976486206
/reduce_rows(0,1,/div(-0.9905164241790771,1.0))


0.02126169204711914*x_(0) + 0.022073984146118164*x_(1) + 0.15497934818267822*x_(2) + 0.06861555576324463*x_(3) + 0.45306694507598877*x_(4) = 0.31498241424560547
0.7812365293502808*x_(0) + 0.06268143653869629*x_(1) + 0.1875072717666626*x_(2) + 0.2311081886291504*x_(3) + 0.5838685631752014*x_(4) = 0.6298290491104126
0.09911555051803589*x_(0) + 0.12201869487762451*x_(1) + 0.3831132650375366*x_(2) + 0.10034477710723877*x_(3) + 0.793453574180603*x_(4) = 0.33458900451660156
0.22721612453460693*x_(0) + 0.12937432527542114*x_(1) + 0.8603869080543518*x_(2) + 0.33629631996154785*x_(3) + 0.2556827664375305*x_(4) = 0.5172706246376038
0.13060152530670166*x_(0) + 0.2738213539123535*x_(1) + 0.21886974573135376*x_(2) + 0.5218325257301331*x_(3) + 0.7935943603515625*x_(4) = 0.6890384554862976
/swap_rows(0,1)

0.7812365293502808*x_(0) + 0.06268143653869629*x_(1) + 0.1875072717666626*x_(2) + 0.2311081886291504*x_(3) + 0.5838685631752014*x_(4) = 0.6298290491104126
0.02126169204711914*x_(0) + 0.022073984146118164*x_(1) + 0.15497934818267822*x_(2) + 0.06861555576324463*x_(3) + 0.45306694507598877*x_(4) = 0.31498241424560547
0.09911555051803589*x_(0) + 0.12201869487762451*x_(1) + 0.3831132650375366*x_(2) + 0.10034477710723877*x_(3) + 0.793453574180603*x_(4) = 0.33458900451660156
0.22721612453460693*x_(0) + 0.12937432527542114*x_(1) + 0.8603869080543518*x_(2) + 0.33629631996154785*x_(3) + 0.2556827664375305*x_(4) = 0.5172706246376038
0.13060152530670166*x_(0) + 0.2738213539123535*x_(1) + 0.21886974573135376*x_(2) + 0.5218325257301331*x_(3) + 0.7935943603515625*x_(4) = 0.6890384554862976
/multiply_row(0,/div(1.0,0.7812365293502808))

0.9999999403953552*x_(0) + 0.0802336186170578*x_(1) + 0.24001343548297882*x_(2) + 0.2958235740661621*x_(3) + 0.7473646402359009*x_(4) = 0.806195080280304
0.02126169204711914*x_(0) + 0.022073984146118164*x_(1) + 0.15497934818267822*x_(2) + 0.06861555576324463*x_(3) + 0.45306694507598877*x_(4) = 0.31498241424560547
0.09911555051803589*x_(0) + 0.12201869487762451*x_(1) + 0.3831132650375366*x_(2) + 0.10034477710723877*x_(3) + 0.793453574180603*x_(4) = 0.33458900451660156
0.22721612453460693*x_(0) + 0.12937432527542114*x_(1) + 0.8603869080543518*x_(2) + 0.33629631996154785*x_(3) + 0.2556827664375305*x_(4) = 0.5172706246376038
0.13060152530670166*x_(0) + 0.2738213539123535*x_(1) + 0.21886974573135376*x_(2) + 0.5218325257301331*x_(3) + 0.7935943603515625*x_(4) = 0.6890384554862976
/reduce_rows(1,0,/div(-0.02126169204711914,0.9999999403953552))

0.9999999403953552*x_(0) + 0.0802336186170578*x_(1) + 0.24001343548297882*x_(2) + 0.2958235740661621*x_(3) + 0.7473646402359009*x_(4) = 0.806195080280304
0.0*x_(0) + 0.020368080586194992*x_(1) + 0.14987625181674957*x_(2) + 0.062325846403837204*x_(3) + 0.4371767044067383*x_(4) = 0.297841340303421
0.09911555051803589*x_(0) + 0.12201869487762451*x_(1) + 0.3831132650375366*x_(2) + 0.10034477710723877*x_(3) + 0.793453574180603*x_(4) = 0.33458900451660156
0.22721612453460693*x_(0) + 0.12937432527542114*x_(1) + 0.8603869080543518*x_(2) + 0.33629631996154785*x_(3) + 0.2556827664375305*x_(4) = 0.5172706246376038
0.13060152530670166*x_(0) + 0.2738213539123535*x_(1) + 0.21886974573135376*x_(2) + 0.5218325257301331*x_(3) + 0.7935943603515625*x_(4) = 0.6890384554862976
/reduce_rows(2,0,/div(-0.09911555051803589,0.9999999403953552))

0.9999999403953552*x_(0) + 0.0802336186170578*x_(1) + 0.24001343548297882*x_(2) + 0.2958235740661621*x_(3) + 0.7473646402359009*x_(4) = 0.806195080280304
0.0*x_(0) + 0.020368080586194992*x_(1) + 0.14987625181674957*x_(2) + 0.062325846403837204*x_(3) + 0.4371767044067383*x_(4) = 0.297841340303421
0.0*x_(0) + 0.11406629532575607*x_(1) + 0.359324187040329*x_(2) + 0.07102406024932861*x_(3) + 0.7193781137466431*x_(4) = 0.2546825408935547
0.22721612453460693*x_(0) + 0.12937432527542114*x_(1) + 0.8603869080543518*x_(2) + 0.33629631996154785*x_(3) + 0.2556827664375305*x_(4) = 0.5172706246376038
0.13060152530670166*x_(0) + 0.2738213539123535*x_(1) + 0.21886974573135376*x_(2) + 0.5218325257301331*x_(3) + 0.7935943603515625*x_(4) = 0.6890384554862976
/reduce_rows(3,0,/div(-0.22721612453460693,0.9999999403953552))

0.9999999403953552*x_(0) + 0.0802336186170578*x_(1) + 0.24001343548297882*x_(2) + 0.2958235740661621*x_(3) + 0.7473646402359009*x_(4) = 0.806195080280304
0.0*x_(0) + 0.020368080586194992*x_(1) + 0.14987625181674957*x_(2) + 0.062325846403837204*x_(3) + 0.4371767044067383*x_(4) = 0.297841340303421
0.0*x_(0) + 0.11406629532575607*x_(1) + 0.359324187040329*x_(2) + 0.07102406024932861*x_(3) + 0.7193781137466431*x_(4) = 0.2546825408935547
0.0*x_(0) + 0.11114395409822464*x_(1) + 0.8058519959449768*x_(2) + 0.26908043026924133*x_(3) + 0.08586946129798889*x_(4) = 0.33409008383750916
0.13060152530670166*x_(0) + 0.2738213539123535*x_(1) + 0.21886974573135376*x_(2) + 0.5218325257301331*x_(3) + 0.7935943603515625*x_(4) = 0.6890384554862976
/reduce_rows(4,0,/div(-0.13060152530670166,0.9999999403953552))

0.9999999403953552*x_(0) + 0.0802336186170578*x_(1) + 0.24001343548297882*x_(2) + 0.2958235740661621*x_(3) + 0.7473646402359009*x_(4) = 0.806195080280304
0.0*x_(0) + 0.020368080586194992*x_(1) + 0.14987625181674957*x_(2) + 0.062325846403837204*x_(3) + 0.4371767044067383*x_(4) = 0.297841340303421
0.0*x_(0) + 0.11406629532575607*x_(1) + 0.359324187040329*x_(2) + 0.07102406024932861*x_(3) + 0.7193781137466431*x_(4) = 0.2546825408935547
0.0*x_(0) + 0.11114395409822464*x_(1) + 0.8058519959449768*x_(2) + 0.26908043026924133*x_(3) + 0.08586946129798889*x_(4) = 0.33409008383750916
0.0*x_(0) + 0.2633427083492279*x_(1) + 0.18752361834049225*x_(2) + 0.48319751024246216*x_(3) + 0.6959874033927917*x_(4) = 0.5837481617927551
/swap_rows(1,4)

0.9999999403953552*x_(0) + 0.0802336186170578*x_(1) + 0.24001343548297882*x_(2) + 0.2958235740661621*x_(3) + 0.7473646402359009*x_(4) = 0.806195080280304
0.0*x_(0) + 0.2633427083492279*x_(1) + 0.18752361834049225*x_(2) + 0.48319751024246216*x_(3) + 0.6959874033927917*x_(4) = 0.5837481617927551
0.0*x_(0) + 0.11406629532575607*x_(1) + 0.359324187040329*x_(2) + 0.07102406024932861*x_(3) + 0.7193781137466431*x_(4) = 0.2546825408935547
0.0*x_(0) + 0.11114395409822464*x_(1) + 0.8058519959449768*x_(2) + 0.26908043026924133*x_(3) + 0.08586946129798889*x_(4) = 0.33409008383750916
0.0*x_(0) + 0.020368080586194992*x_(1) + 0.14987625181674957*x_(2) + 0.062325846403837204*x_(3) + 0.4371767044067383*x_(4) = 0.297841340303421
/multiply_row(1,/div(1.0,0.2633427083492279))

0.9999999403953552*x_(0) + 0.0802336186170578*x_(1) + 0.24001343548297882*x_(2) + 0.2958235740661621*x_(3) + 0.7473646402359009*x_(4) = 0.806195080280304
0.0*x_(0) + 1.0*x_(1) + 0.7120896577835083*x_(2) + 1.8348619937896729*x_(3) + 2.6428961753845215*x_(4) = 2.216686248779297
0.0*x_(0) + 0.11406629532575607*x_(1) + 0.359324187040329*x_(2) + 0.07102406024932861*x_(3) + 0.7193781137466431*x_(4) = 0.2546825408935547
0.0*x_(0) + 0.11114395409822464*x_(1) + 0.8058519959449768*x_(2) + 0.26908043026924133*x_(3) + 0.08586946129798889*x_(4) = 0.33409008383750916
0.0*x_(0) + 0.020368080586194992*x_(1) + 0.14987625181674957*x_(2) + 0.062325846403837204*x_(3) + 0.4371767044067383*x_(4) = 0.297841340303421
/reduce_rows(2,1,/div(-0.11406629532575607,1.0))

0.9999999403953552*x_(0) + 0.0802336186170578*x_(1) + 0.24001343548297882*x_(2) + 0.2958235740661621*x_(3) + 0.7473646402359009*x_(4) = 0.806195080280304
0.0*x_(0) + 1.0*x_(1) + 0.7120896577835083*x_(2) + 1.8348619937896729*x_(3) + 2.6428961753845215*x_(4) = 2.216686248779297
0.0*x_(0) + 0.0*x_(1) + 0.2780987620353699*x_(2) + -0.13827185332775116*x_(3) + 0.4179127514362335*x_(4) = 0.0018333494663238525
0.0*x_(0) + 0.11114395409822464*x_(1) + 0.8058519959449768*x_(2) + 0.26908043026924133*x_(3) + 0.08586946129798889*x_(4) = 0.33409008383750916
0.0*x_(0) + 0.020368080586194992*x_(1) + 0.14987625181674957*x_(2) + 0.062325846403837204*x_(3) + 0.4371767044067383*x_(4) = 0.297841340303421
/reduce_rows(3,1,/div(-0.11114395409822464,1.0))

0.9999999403953552*x_(0) + 0.0802336186170578*x_(1) + 0.24001343548297882*x_(2) + 0.2958235740661621*x_(3) + 0.7473646402359009*x_(4) = 0.806195080280304
0.0*x_(0) + 1.0*x_(1) + 0.7120896577835083*x_(2) + 1.8348619937896729*x_(3) + 2.6428961753845215*x_(4) = 2.216686248779297
0.0*x_(0) + 0.0*x_(1) + 0.2780987620353699*x_(2) + -0.13827185332775116*x_(3) + 0.4179127514362335*x_(4) = 0.0018333494663238525
0.0*x_(0) + 0.0*x_(1) + 0.7267075181007385*x_(2) + 0.06514661014080048*x_(3) + -0.20787248015403748*x_(4) = 0.08771881461143494
0.0*x_(0) + 0.020368080586194992*x_(1) + 0.14987625181674957*x_(2) + 0.062325846403837204*x_(3) + 0.4371767044067383*x_(4) = 0.297841340303421
/reduce_rows(4,1,/div(-0.020368080586194992,1.0))

0.9999999403953552*x_(0) + 0.0802336186170578*x_(1) + 0.24001343548297882*x_(2) + 0.2958235740661621*x_(3) + 0.7473646402359009*x_(4) = 0.806195080280304
0.0*x_(0) + 1.0*x_(1) + 0.7120896577835083*x_(2) + 1.8348619937896729*x_(3) + 2.6428961753845215*x_(4) = 2.216686248779297
0.0*x_(0) + 0.0*x_(1) + 0.2780987620353699*x_(2) + -0.13827185332775116*x_(3) + 0.4179127514362335*x_(4) = 0.0018333494663238525
0.0*x_(0) + 0.0*x_(1) + 0.7267075181007385*x_(2) + 0.06514661014080048*x_(3) + -0.20787248015403748*x_(4) = 0.08771881461143494
0.0*x_(0) + 0.0*x_(1) + 0.1353723555803299*x_(2) + 0.02495323121547699*x_(3) + 0.38334599137306213*x_(4) = 0.25269168615341187
/swap_rows(2,3)

0.9999999403953552*x_(0) + 0.0802336186170578*x_(1) + 0.24001343548297882*x_(2) + 0.2958235740661621*x_(3) + 0.7473646402359009*x_(4) = 0.806195080280304
0.0*x_(0) + 1.0*x_(1) + 0.7120896577835083*x_(2) + 1.8348619937896729*x_(3) + 2.6428961753845215*x_(4) = 2.216686248779297
0.0*x_(0) + 0.0*x_(1) + 0.7267075181007385*x_(2) + 0.06514661014080048*x_(3) + -0.20787248015403748*x_(4) = 0.08771881461143494
0.0*x_(0) + 0.0*x_(1) + 0.2780987620353699*x_(2) + -0.13827185332775116*x_(3) + 0.4179127514362335*x_(4) = 0.0018333494663238525
0.0*x_(0) + 0.0*x_(1) + 0.1353723555803299*x_(2) + 0.02495323121547699*x_(3) + 0.38334599137306213*x_(4) = 0.25269168615341187
/multiply_row(2,/div(1.0,0.7267075181007385))

0.9999999403953552*x_(0) + 0.0802336186170578*x_(1) + 0.24001343548297882*x_(2) + 0.2958235740661621*x_(3) + 0.7473646402359009*x_(4) = 0.806195080280304
0.0*x_(0) + 1.0*x_(1) + 0.7120896577835083*x_(2) + 1.8348619937896729*x_(3) + 2.6428961753845215*x_(4) = 2.216686248779297
0.0*x_(0) + 0.0*x_(1) + 1.0*x_(2) + 0.08964625746011734*x_(3) + -0.28604695200920105*x_(4) = 0.12070717662572861
0.0*x_(0) + 0.0*x_(1) + 0.2780987620353699*x_(2) + -0.13827185332775116*x_(3) + 0.4179127514362335*x_(4) = 0.0018333494663238525
0.0*x_(0) + 0.0*x_(1) + 0.1353723555803299*x_(2) + 0.02495323121547699*x_(3) + 0.38334599137306213*x_(4) = 0.25269168615341187
/reduce_rows(3,2,/div(-0.2780987620353699,1.0))

0.9999999403953552*x_(0) + 0.0802336186170578*x_(1) + 0.24001343548297882*x_(2) + 0.2958235740661621*x_(3) + 0.7473646402359009*x_(4) = 0.806195080280304
0.0*x_(0) + 1.0*x_(1) + 0.7120896577835083*x_(2) + 1.8348619937896729*x_(3) + 2.6428961753845215*x_(4) = 2.216686248779297
0.0*x_(0) + 0.0*x_(1) + 1.0*x_(2) + 0.08964625746011734*x_(3) + -0.28604695200920105*x_(4) = 0.12070717662572861
0.0*x_(0) + 0.0*x_(1) + 0.0*x_(2) + -0.16320236027240753*x_(3) + 0.49746206402778625*x_(4) = -0.031735166907310486
0.0*x_(0) + 0.0*x_(1) + 0.1353723555803299*x_(2) + 0.02495323121547699*x_(3) + 0.38334599137306213*x_(4) = 0.25269168615341187
/reduce_rows(4,2,/div(-0.1353723555803299,1.0))

0.9999999403953552*x_(0) + 0.0802336186170578*x_(1) + 0.24001343548297882*x_(2) + 0.2958235740661621*x_(3) + 0.7473646402359009*x_(4) = 0.806195080280304
0.0*x_(0) + 1.0*x_(1) + 0.7120896577835083*x_(2) + 1.8348619937896729*x_(3) + 2.6428961753845215*x_(4) = 2.216686248779297
0.0*x_(0) + 0.0*x_(1) + 1.0*x_(2) + 0.08964625746011734*x_(3) + -0.28604695200920105*x_(4) = 0.12070717662572861
0.0*x_(0) + 0.0*x_(1) + 0.0*x_(2) + -0.16320236027240753*x_(3) + 0.49746206402778625*x_(4) = -0.031735166907310486
0.0*x_(0) + 0.0*x_(1) + 0.0*x_(2) + 0.012817606329917908*x_(3) + 0.42206883430480957*x_(4) = 0.23635126650333405
/swap_rows(3,4)

0.9999999403953552*x_(0) + 0.0802336186170578*x_(1) + 0.24001343548297882*x_(2) + 0.2958235740661621*x_(3) + 0.7473646402359009*x_(4) = 0.806195080280304
0.0*x_(0) + 1.0*x_(1) + 0.7120896577835083*x_(2) + 1.8348619937896729*x_(3) + 2.6428961753845215*x_(4) = 2.216686248779297
0.0*x_(0) + 0.0*x_(1) + 1.0*x_(2) + 0.08964625746011734*x_(3) + -0.28604695200920105*x_(4) = 0.12070717662572861
0.0*x_(0) + 0.0*x_(1) + 0.0*x_(2) + 0.012817606329917908*x_(3) + 0.42206883430480957*x_(4) = 0.23635126650333405
0.0*x_(0) + 0.0*x_(1) + 0.0*x_(2) + -0.16320236027240753*x_(3) + 0.49746206402778625*x_(4) = -0.031735166907310486
/multiply_row(3,/div(1.0,0.012817606329917908))

0.9999999403953552*x_(0) + 0.0802336186170578*x_(1) + 0.24001343548297882*x_(2) + 0.2958235740661621*x_(3) + 0.7473646402359009*x_(4) = 0.806195080280304
0.0*x_(0) + 1.0*x_(1) + 0.7120896577835083*x_(2) + 1.8348619937896729*x_(3) + 2.6428961753845215*x_(4) = 2.216686248779297
0.0*x_(0) + 0.0*x_(1) + 1.0*x_(2) + 0.08964625746011734*x_(3) + -0.28604695200920105*x_(4) = 0.12070717662572861
0.0*x_(0) + 0.0*x_(1) + 0.0*x_(2) + 1.0*x_(3) + 32.9288330078125*x_(4) = 18.439579010009766
0.0*x_(0) + 0.0*x_(1) + 0.0*x_(2) + -0.16320236027240753*x_(3) + 0.49746206402778625*x_(4) = -0.031735166907310486
/reduce_rows(4,3,/div(0.16320236027240753,1.0))

0.9999999403953552*x_(0) + 0.0802336186170578*x_(1) + 0.24001343548297882*x_(2) + 0.2958235740661621*x_(3) + 0.7473646402359009*x_(4) = 0.806195080280304
0.0*x_(0) + 1.0*x_(1) + 0.7120896577835083*x_(2) + 1.8348619937896729*x_(3) + 2.6428961753845215*x_(4) = 2.216686248779297
0.0*x_(0) + 0.0*x_(1) + 1.0*x_(2) + 0.08964625746011734*x_(3) + -0.28604695200920105*x_(4) = 0.12070717662572861
0.0*x_(0) + 0.0*x_(1) + 0.0*x_(2) + 1.0*x_(3) + 32.9288330078125*x_(4) = 18.439579010009766
0.0*x_(0) + 0.0*x_(1) + 0.0*x_(2) + 0.0*x_(3) + 5.871525764465332*x_(4) = 2.977647542953491
/multiply_row(4,/div(1.0,5.871525764465332))

0.9999999403953552*x_(0) + 0.0802336186170578*x_(1) + 0.24001343548297882*x_(2) + 0.2958235740661621*x_(3) + 0.7473646402359009*x_(4) = 0.806195080280304
0.0*x_(0) + 1.0*x_(1) + 0.7120896577835083*x_(2) + 1.8348619937896729*x_(3) + 2.6428961753845215*x_(4) = 2.216686248779297
0.0*x_(0) + 0.0*x_(1) + 1.0*x_(2) + 0.08964625746011734*x_(3) + -0.28604695200920105*x_(4) = 0.12070717662572861
0.0*x_(0) + 0.0*x_(1) + 0.0*x_(2) + 1.0*x_(3) + 32.9288330078125*x_(4) = 18.439579010009766
0.0*x_(0) + 0.0*x_(1) + 0.0*x_(2) + 0.0*x_(3) + 1.0*x_(4) = 0.5071334838867188
/reduce_rows(3,4,/div(-32.9288330078125,1.0))

0.9999999403953552*x_(0) + 0.0802336186170578*x_(1) + 0.24001343548297882*x_(2) + 0.2958235740661621*x_(3) + 0.7473646402359009*x_(4) = 0.806195080280304
0.0*x_(0) + 1.0*x_(1) + 0.7120896577835083*x_(2) + 1.8348619937896729*x_(3) + 2.6428961753845215*x_(4) = 2.216686248779297
0.0*x_(0) + 0.0*x_(1) + 1.0*x_(2) + 0.08964625746011734*x_(3) + -0.28604695200920105*x_(4) = 0.12070717662572861
0.0*x_(0) + 0.0*x_(1) + 0.0*x_(2) + 1.0*x_(3) + 0.0*x_(4) = 1.740264892578125
0.0*x_(0) + 0.0*x_(1) + 0.0*x_(2) + 0.0*x_(3) + 1.0*x_(4) = 0.5071334838867188
/reduce_rows(2,4,/div(0.28604695200920105,1.0))

0.9999999403953552*x_(0) + 0.0802336186170578*x_(1) + 0.24001343548297882*x_(2) + 0.2958235740661621*x_(3) + 0.7473646402359009*x_(4) = 0.806195080280304
0.0*x_(0) + 1.0*x_(1) + 0.7120896577835083*x_(2) + 1.8348619937896729*x_(3) + 2.6428961753845215*x_(4) = 2.216686248779297
0.0*x_(0) + 0.0*x_(1) + 1.0*x_(2) + 0.08964625746011734*x_(3) + 0.0*x_(4) = 0.26577115058898926
0.0*x_(0) + 0.0*x_(1) + 0.0*x_(2) + 1.0*x_(3) + 0.0*x_(4) = 1.740264892578125
0.0*x_(0) + 0.0*x_(1) + 0.0*x_(2) + 0.0*x_(3) + 1.0*x_(4) = 0.5071334838867188
/reduce_rows(1,4,/div(-2.6428961753845215,1.0))

0.9999999403953552*x_(0) + 0.0802336186170578*x_(1) + 0.24001343548297882*x_(2) + 0.2958235740661621*x_(3) + 0.7473646402359009*x_(4) = 0.806195080280304
0.0*x_(0) + 1.0*x_(1) + 0.7120896577835083*x_(2) + 1.8348619937896729*x_(3) + 0.0*x_(4) = 0.8763850927352905
0.0*x_(0) + 0.0*x_(1) + 1.0*x_(2) + 0.08964625746011734*x_(3) + 0.0*x_(4) = 0.26577115058898926
0.0*x_(0) + 0.0*x_(1) + 0.0*x_(2) + 1.0*x_(3) + 0.0*x_(4) = 1.740264892578125
0.0*x_(0) + 0.0*x_(1) + 0.0*x_(2) + 0.0*x_(3) + 1.0*x_(4) = 0.5071334838867188
/reduce_rows(0,4,/div(-0.7473646402359009,1.0))

0.9999999403953552*x_(0) + 0.0802336186170578*x_(1) + 0.24001343548297882*x_(2) + 0.2958235740661621*x_(3) + 0.0*x_(4) = 0.4271814525127411
0.0*x_(0) + 1.0*x_(1) + 0.7120896577835083*x_(2) + 1.8348619937896729*x_(3) + 0.0*x_(4) = 0.8763850927352905
0.0*x_(0) + 0.0*x_(1) + 1.0*x_(2) + 0.08964625746011734*x_(3) + 0.0*x_(4) = 0.26577115058898926
0.0*x_(0) + 0.0*x_(1) + 0.0*x_(2) + 1.0*x_(3) + 0.0*x_(4) = 1.740264892578125
0.0*x_(0) + 0.0*x_(1) + 0.0*x_(2) + 0.0*x_(3) + 1.0*x_(4) = 0.5071334838867188
/reduce_rows(2,3,/div(-0.08964625746011734,1.0))

0.9999999403953552*x_(0) + 0.0802336186170578*x_(1) + 0.24001343548297882*x_(2) + 0.2958235740661621*x_(3) + 0.0*x_(4) = 0.4271814525127411
0.0*x_(0) + 1.0*x_(1) + 0.7120896577835083*x_(2) + 1.8348619937896729*x_(3) + 0.0*x_(4) = 0.8763850927352905
0.0*x_(0) + 0.0*x_(1) + 1.0*x_(2) + 0.0*x_(3) + 0.0*x_(4) = 0.10976292192935944
0.0*x_(0) + 0.0*x_(1) + 0.0*x_(2) + 1.0*x_(3) + 0.0*x_(4) = 1.740264892578125
0.0*x_(0) + 0.0*x_(1) + 0.0*x_(2) + 0.0*x_(3) + 1.0*x_(4) = 0.5071334838867188
/reduce_rows(1,3,/div(-1.8348619937896729,1.0))

0.9999999403953552*x_(0) + 0.0802336186170578*x_(1) + 0.24001343548297882*x_(2) + 0.2958235740661621*x_(3) + 0.0*x_(4) = 0.4271814525127411
0.0*x_(0) + 1.0*x_(1) + 0.7120896577835083*x_(2) + 0.0*x_(3) + 0.0*x_(4) = -2.316761016845703
0.0*x_(0) + 0.0*x_(1) + 1.0*x_(2) + 0.0*x_(3) + 0.0*x_(4) = 0.10976292192935944
0.0*x_(0) + 0.0*x_(1) + 0.0*x_(2) + 1.0*x_(3) + 0.0*x_(4) = 1.740264892578125
0.0*x_(0) + 0.0*x_(1) + 0.0*x_(2) + 0.0*x_(3) + 1.0*x_(4) = 0.5071334838867188
/reduce_rows(0,3,/div(-0.2958235740661621,1.0))

0.9999999403953552*x_(0) + 0.0802336186170578*x_(1) + 0.24001343548297882*x_(2) + 0.0*x_(3) + 0.0*x_(4) = -0.08762994408607483
